16013892
17919318
18315855
19187544
19568424
19635124
19682364
20015400
21408132
21450075
22726254
23028498
23074659
23110173
23193411
22590978
23062055
23284733
23202545
22906110
22960954
23351276
23710205
23936115
24223640
24278493
24278022
24586153
24638205
24816104
24824328
24895650
27713263
24875882
24884954
24916787
24968358
25098254
25422070
25470665
25856575
25948687
26041555
26325027
26266418
26678835
26696249
26684827
26884414
27094905
26961383
27328634
27257056
27406444
27381218
27708643
27677239
27572397
28229049
28346512
28540291
28465619
28526080
28588292
28805676
28720711
28806134
29159184
29263859
29302259
29426899
29458350
29497534
29656631
29907804
29933625
30157967
30260954
30282716
21160452
30558354
30704498
30742627
30813403
30857374
31013925
31052199
31324182
31340782
31720054
31703426
31898474
31817829
31847268
31671826
32079545
32206052
